surface_name	site_name	species_name	formation_energy	frequencies	reference
None	gas	CO2	0.0	[2337.1, 1303.43, 626.2, 626.2, 8.98, 8.98]	sv_calc
None	gas	CO	0.228	[2102.17, 30.57, 30.53]	sv_calc
None	gas	H2	0.0	[4357.74, 101.87, 101.851]	sv_calc
None	gas	H2O	0.0	[3823.99, 3715.4, 1599.34, 84.9, 76.593, 10]	sv_calc
Ag	211	COOH	-0.24	[3579.438347, 1573.100374, 1241.519251, 932.338544, 624.650858, 619.94479, 468.883838, 246.531351, 245.478053, 75.740879, 73.602391, 15.378853]	sv_calc
Ag	211	CO	0.07	[1832.373539, 481.555294, 467.482512, 425.061714, 73.09318, 68.233697]	sv_calc
Ag	211	CO2	-0.07	[1846.027301, 1179.574916, 546.070088, 534.269426, 168.712357, 136.301896, 66.113421, 51.400916, 36.766228]	sv_calc
Au	211	COOH	-0.4	[3579.438347, 1573.100374, 1241.519251, 932.338544, 624.650858, 619.94479, 468.883838, 246.531351, 245.478053, 75.740879, 73.602391, 15.378853]	sv_calc
Au	211	CO	-0.05	[1832.373539, 481.555294, 467.482512, 425.061714, 73.09318, 68.233697]	sv_calc
Au	211	CO2	-0.32	[1846.027301, 1179.574916, 546.070088, 534.269426, 168.712357, 136.301896, 66.113421, 51.400916, 36.766228]	sv_calc
Cu	211	COOH	-0.52	[3579.438347, 1573.100374, 1241.519251, 932.338544, 624.650858, 619.94479, 468.883838, 246.531351, 245.478053, 75.740879, 73.602391, 15.378853]	sv_calc
Cu	211	CO	-0.52	[1832.373539, 481.555294, 467.482512, 425.061714, 73.09318, 68.233697]	sv_calc
Cu	211	CO2	-0.23	[1846.027301, 1179.574916, 546.070088, 534.269426, 168.712357, 136.301896, 66.113421, 51.400916, 36.766228]	sv_calc
Pd	211	COOH	-0.92	[3579.438347, 1573.100374, 1241.519251, 932.338544, 624.650858, 619.94479, 468.883838, 246.531351, 245.478053, 75.740879, 73.602391, 15.378853]	sv_calc
Pd	211	CO	-1.3	[1832.373539, 481.555294, 467.482512, 425.061714, 73.09318, 68.233697]	sv_calc
Pd	211	CO2	-0.86	[1846.027301, 1179.574916, 546.070088, 534.269426, 168.712357, 136.301896, 66.113421, 51.400916, 36.766228]	sv_calc
Pt	211	COOH	-1.21	[3579.438347, 1573.100374, 1241.519251, 932.338544, 624.650858, 619.94479, 468.883838, 246.531351, 245.478053, 75.740879, 73.602391, 15.378853]	sv_calc
Pt	211	CO	-1.62	[1832.373539, 481.555294, 467.482512, 425.061714, 73.09318, 68.233697]	sv_calc
Pt	211	CO2	-0.89	[1846.027301, 1179.574916, 546.070088, 534.269426, 168.712357, 136.301896, 66.113421, 51.400916, 36.766228]	sv_calc
Ag	100	COOH	-0.01	[3579.438347, 1573.100374, 1241.519251, 932.338544, 624.650858, 619.94479, 468.883838, 246.531351, 245.478053, 75.740879, 73.602391, 15.378853]	sv_calc
Ag	100	CO	0.2	[1832.373539, 481.555294, 467.482512, 425.061714, 73.09318, 68.233697]	sv_calc
Ag	100	CO2	-0.09	[1846.027301, 1179.574916, 546.070088, 534.269426, 168.712357, 136.301896, 66.113421, 51.400916, 36.766228]	sv_calc
Au	100	COOH	-0.07	[3579.438347, 1573.100374, 1241.519251, 932.338544, 624.650858, 619.94479, 468.883838, 246.531351, 245.478053, 75.740879, 73.602391, 15.378853]	sv_calc
Au	100	CO	0.1	[1832.373539, 481.555294, 467.482512, 425.061714, 73.09318, 68.233697]	sv_calc
Au	100	CO2	-0.28	[1846.027301, 1179.574916, 546.070088, 534.269426, 168.712357, 136.301896, 66.113421, 51.400916, 36.766228]	sv_calc
Cu	100	COOH	-0.24	[3579.438347, 1573.100374, 1241.519251, 932.338544, 624.650858, 619.94479, 468.883838, 246.531351, 245.478053, 75.740879, 73.602391, 15.378853]	sv_calc
Cu	100	CO	-0.43	[1832.373539, 481.555294, 467.482512, 425.061714, 73.09318, 68.233697]	sv_calc
Cu	100	CO2	-0.18	[1846.027301, 1179.574916, 546.070088, 534.269426, 168.712357, 136.301896, 66.113421, 51.400916, 36.766228]	sv_calc
Pd	100	COOH	-0.62	[3579.438347, 1573.100374, 1241.519251, 932.338544, 624.650858, 619.94479, 468.883838, 246.531351, 245.478053, 75.740879, 73.602391, 15.378853]	sv_calc
Pd	100	CO	-1.06	[1832.373539, 481.555294, 467.482512, 425.061714, 73.09318, 68.233697]	sv_calc
Pd	100	CO2	-0.74	[1846.027301, 1179.574916, 546.070088, 534.269426, 168.712357, 136.301896, 66.113421, 51.400916, 36.766228]	sv_calc
Pt	100	COOH	-0.9	[3579.438347, 1573.100374, 1241.519251, 932.338544, 624.650858, 619.94479, 468.883838, 246.531351, 245.478053, 75.740879, 73.602391, 15.378853]	sv_calc
Pt	100	CO	-1.4	[1832.373539, 481.555294, 467.482512, 425.061714, 73.09318, 68.233697]	sv_calc
Pt	100	CO2	-0.76	[1846.027301, 1179.574916, 546.070088, 534.269426, 168.712357, 136.301896, 66.113421, 51.400916, 36.766228]	sv_calc
Fe	1_1	CO2	-2.48	[1846.027301, 1179.574916, 546.070088, 534.269426, 168.712357, 136.301896, 66.113421, 51.400916, 36.766228]	sv_calc
Fe	1_1	CO	-1.95	[1832.373539, 481.555294, 467.482512, 425.061714, 73.09318, 68.233697]	sv_calc
Fe	1_1	COOH	-1.96	[3579.438347, 1573.100374, 1241.519251, 932.338544, 624.650858, 619.94479, 468.883838, 246.531351, 245.478053, 75.740879, 73.602391, 15.378853]	sv_calc
Ni	1_1	CO2	-2.19	[1846.027301, 1179.574916, 546.070088, 534.269426, 168.712357, 136.301896, 66.113421, 51.400916, 36.766228]	sv_calc
Ni	1_1	CO	-1.8	[1832.373539, 481.555294, 467.482512, 425.061714, 73.09318, 68.233697]	sv_calc
Ni	1_1	COOH	-1.62	[3579.438347, 1573.100374, 1241.519251, 932.338544, 624.650858, 619.94479, 468.883838, 246.531351, 245.478053, 75.740879, 73.602391, 15.378853]	sv_calc
Fe	1_2	CO2	-2.55	[1846.027301, 1179.574916, 546.070088, 534.269426, 168.712357, 136.301896, 66.113421, 51.400916, 36.766228]	sv_calc
Fe	1_2	CO	-2.22	[1832.373539, 481.555294, 467.482512, 425.061714, 73.09318, 68.233697]	sv_calc
Fe	1_2	COOH	-2.08	[3579.438347, 1573.100374, 1241.519251, 932.338544, 624.650858, 619.94479, 468.883838, 246.531351, 245.478053, 75.740879, 73.602391, 15.378853]	sv_calc
Ni	1_2	CO2	-2.7	[1846.027301, 1179.574916, 546.070088, 534.269426, 168.712357, 136.301896, 66.113421, 51.400916, 36.766228]	sv_calc
Ni	1_2	CO	-2.5	[1832.373539, 481.555294, 467.482512, 425.061714, 73.09318, 68.233697]	sv_calc
Ni	1_2	COOH	-2.23	[3579.438347, 1573.100374, 1241.519251, 932.338544, 624.650858, 619.94479, 468.883838, 246.531351, 245.478053, 75.740879, 73.602391, 15.378853]	sv_calc
Fe	1_3	CO2	-2.59	[1846.027301, 1179.574916, 546.070088, 534.269426, 168.712357, 136.301896, 66.113421, 51.400916, 36.766228]	sv_calc
Fe	1_3	CO	-2.25	[1832.373539, 481.555294, 467.482512, 425.061714, 73.09318, 68.233697]	sv_calc
Fe	1_3	COOH	-1.58	[3579.438347, 1573.100374, 1241.519251, 932.338544, 624.650858, 619.94479, 468.883838, 246.531351, 245.478053, 75.740879, 73.602391, 15.378853]	sv_calc
Ni	1_3	CO	-3.28	[1832.373539, 481.555294, 467.482512, 425.061714, 73.09318, 68.233697]	sv_calc
Ni	1_3	COOH	-2.45	[3579.438347, 1573.100374, 1241.519251, 932.338544, 624.650858, 619.94479, 468.883838, 246.531351, 245.478053, 75.740879, 73.602391, 15.378853]	sv_calc
Fe	2_1	CO2	-0.84	[1846.027301, 1179.574916, 546.070088, 534.269426, 168.712357, 136.301896, 66.113421, 51.400916, 36.766228]	sv_calc
Fe	2_1	CO	-1.18	[1832.373539, 481.555294, 467.482512, 425.061714, 73.09318, 68.233697]	sv_calc
Fe	2_1	COOH	-0.21	[3579.438347, 1573.100374, 1241.519251, 932.338544, 624.650858, 619.94479, 468.883838, 246.531351, 245.478053, 75.740879, 73.602391, 15.378853]	sv_calc
Ni	2_1	CO2	-0.57	[1846.027301, 1179.574916, 546.070088, 534.269426, 168.712357, 136.301896, 66.113421, 51.400916, 36.766228]	sv_calc
Ni	2_1	CO	-0.42	[1832.373539, 481.555294, 467.482512, 425.061714, 73.09318, 68.233697]	sv_calc
Ni	2_1	COOH	-0.43	[3579.438347, 1573.100374, 1241.519251, 932.338544, 624.650858, 619.94479, 468.883838, 246.531351, 245.478053, 75.740879, 73.602391, 15.378853]	sv_calc
Fe	2_2	CO2	-0.94	[1846.027301, 1179.574916, 546.070088, 534.269426, 168.712357, 136.301896, 66.113421, 51.400916, 36.766228]	sv_calc
Fe	2_2	CO	-1.05	[1832.373539, 481.555294, 467.482512, 425.061714, 73.09318, 68.233697]	sv_calc
Fe	2_2	COOH	-0.66	[3579.438347, 1573.100374, 1241.519251, 932.338544, 624.650858, 619.94479, 468.883838, 246.531351, 245.478053, 75.740879, 73.602391, 15.378853]	sv_calc
Ni	2_2	CO2	-0.55	[1846.027301, 1179.574916, 546.070088, 534.269426, 168.712357, 136.301896, 66.113421, 51.400916, 36.766228]	sv_calc
Ni	2_2	CO	0.3	[1832.373539, 481.555294, 467.482512, 425.061714, 73.09318, 68.233697]	sv_calc
Ni	2_2	COOH	-0.45	[3579.438347, 1573.100374, 1241.519251, 932.338544, 624.650858, 619.94479, 468.883838, 246.531351, 245.478053, 75.740879, 73.602391, 15.378853]	sv_calc
Fe	2_3	CO2	-1.11	[1846.027301, 1179.574916, 546.070088, 534.269426, 168.712357, 136.301896, 66.113421, 51.400916, 36.766228]	sv_calc
Fe	2_3	CO	-0.95	[1832.373539, 481.555294, 467.482512, 425.061714, 73.09318, 68.233697]	sv_calc
Fe	2_3	COOH	-0.63	[3579.438347, 1573.100374, 1241.519251, 932.338544, 624.650858, 619.94479, 468.883838, 246.531351, 245.478053, 75.740879, 73.602391, 15.378853]	sv_calc
Ni	2_3	CO2	-0.51	[1846.027301, 1179.574916, 546.070088, 534.269426, 168.712357, 136.301896, 66.113421, 51.400916, 36.766228]	sv_calc
Ni	2_3	CO	0.11	[1832.373539, 481.555294, 467.482512, 425.061714, 73.09318, 68.233697]	sv_calc
Ni	2_3	COOH	-0.21	[3579.438347, 1573.100374, 1241.519251, 932.338544, 624.650858, 619.94479, 468.883838, 246.531351, 245.478053, 75.740879, 73.602391, 15.378853]	sv_calc
Fe	2_4	CO2	-1.11	[1846.027301, 1179.574916, 546.070088, 534.269426, 168.712357, 136.301896, 66.113421, 51.400916, 36.766228]	sv_calc
Fe	2_4	CO	-0.87	[1832.373539, 481.555294, 467.482512, 425.061714, 73.09318, 68.233697]	sv_calc
Fe	2_4	COOH	-0.95	[3579.438347, 1573.100374, 1241.519251, 932.338544, 624.650858, 619.94479, 468.883838, 246.531351, 245.478053, 75.740879, 73.602391, 15.378853]	sv_calc
Ni	2_4	CO2	-0.57	[1846.027301, 1179.574916, 546.070088, 534.269426, 168.712357, 136.301896, 66.113421, 51.400916, 36.766228]	sv_calc
Ni	2_4	CO	-0.06	[1832.373539, 481.555294, 467.482512, 425.061714, 73.09318, 68.233697]	sv_calc
Ni	2_4	COOH	-0.11	[3579.438347, 1573.100374, 1241.519251, 932.338544, 624.650858, 619.94479, 468.883838, 246.531351, 245.478053, 75.740879, 73.602391, 15.378853]	sv_calc
