surface_name	site_name	species_name	formation_energy	frequencies	reference
None	gas	CO2	0.0	[8.210836, 8.986016, 626.201759, 626.207647, 1303.431414, 2337.103721]	sv_calc
None	gas	CO	0.228	[30.574661, 30.574661, 2102.17]	sv_calc
None	gas	H2	0.0	[101.851377, 101.851377, 4357.748816]	sv_calc
None	gas	H2O	0.0	[10, 76.593339, 84.905187, 1599.342801, 3715.405649, 3823.9909]	sv_calc
Ag	211	COOH	-0.04	[3579.438347, 1573.100374, 1241.519251, 932.338544, 624.650858, 619.94479, 468.883838, 246.531351, 245.478053, 75.740879, 73.602391, 15.378853]	sv_calc
Ag	211	CO	0.08	[1832.373539, 481.555294, 467.482512, 425.061714, 73.09318, 68.233697]	sv_calc
Ag	211	CO2	0.39	[1846.027301, 1179.574916, 546.070088, 534.269426, 168.712357, 136.301896, 66.113421, 51.400916, 36.766228]	sv_calc
Au	211	COOH	-0.29	[3579.438347, 1573.100374, 1241.519251, 932.338544, 624.650858, 619.94479, 468.883838, 246.531351, 245.478053, 75.740879, 73.602391, 15.378853]	sv_calc
Au	211	CO	-0.12	[1832.373539, 481.555294, 467.482512, 425.061714, 73.09318, 68.233697]	sv_calc
Au	211	CO2	0.08	[1846.027301, 1179.574916, 546.070088, 534.269426, 168.712357, 136.301896, 66.113421, 51.400916, 36.766228]	sv_calc
Cu	211	COOH	-0.32	[3579.438347, 1573.100374, 1241.519251, 932.338544, 624.650858, 619.94479, 468.883838, 246.531351, 245.478053, 75.740879, 73.602391, 15.378853]	sv_calc
Cu	211	CO	-0.5	[1832.373539, 481.555294, 467.482512, 425.061714, 73.09318, 68.233697]	sv_calc
Cu	211	CO2	0.23	[1846.027301, 1179.574916, 546.070088, 534.269426, 168.712357, 136.301896, 66.113421, 51.400916, 36.766228]	sv_calc
Pd	211	COOH	-0.78	[3579.438347, 1573.100374, 1241.519251, 932.338544, 624.650858, 619.94479, 468.883838, 246.531351, 245.478053, 75.740879, 73.602391, 15.378853]	sv_calc
Pd	211	CO	-1.25	[1832.373539, 481.555294, 467.482512, 425.061714, 73.09318, 68.233697]	sv_calc
Pd	211	CO2	-0.51	[1846.027301, 1179.574916, 546.070088, 534.269426, 168.712357, 136.301896, 66.113421, 51.400916, 36.766228]	sv_calc
Pt	211	COOH	-1.13	[3579.438347, 1573.100374, 1241.519251, 932.338544, 624.650858, 619.94479, 468.883838, 246.531351, 245.478053, 75.740879, 73.602391, 15.378853]	sv_calc
Pt	211	CO	-1.63	[1832.373539, 481.555294, 467.482512, 425.061714, 73.09318, 68.233697]	sv_calc
Pt	211	CO2	-0.5	[1846.027301, 1179.574916, 546.070088, 534.269426, 168.712357, 136.301896, 66.113421, 51.400916, 36.766228]	sv_calc
Ag	100	COOH	0.19	[3579.438347, 1573.100374, 1241.519251, 932.338544, 624.650858, 619.94479, 468.883838, 246.531351, 245.478053, 75.740879, 73.602391, 15.378853]	sv_calc
Ag	100	CO	0.18	[1832.373539, 481.555294, 467.482512, 425.061714, 73.09318, 68.233697]	sv_calc
Ag	100	CO2	0.25	[1846.027301, 1179.574916, 546.070088, 534.269426, 168.712357, 136.301896, 66.113421, 51.400916, 36.766228]	sv_calc
Au	100	COOH	-0.01	[3579.438347, 1573.100374, 1241.519251, 932.338544, 624.650858, 619.94479, 468.883838, 246.531351, 245.478053, 75.740879, 73.602391, 15.378853]	sv_calc
Au	100	CO	0.04	[1832.373539, 481.555294, 467.482512, 425.061714, 73.09318, 68.233697]	sv_calc
Au	100	CO2	0.05	[1846.027301, 1179.574916, 546.070088, 534.269426, 168.712357, 136.301896, 66.113421, 51.400916, 36.766228]	sv_calc
Cu	100	COOH	-0.08	[3579.438347, 1573.100374, 1241.519251, 932.338544, 624.650858, 619.94479, 468.883838, 246.531351, 245.478053, 75.740879, 73.602391, 15.378853]	sv_calc
Cu	100	CO	-0.45	[1832.373539, 481.555294, 467.482512, 425.061714, 73.09318, 68.233697]	sv_calc
Cu	100	CO2	0.2	[1846.027301, 1179.574916, 546.070088, 534.269426, 168.712357, 136.301896, 66.113421, 51.400916, 36.766228]	sv_calc
Pd	100	COOH	-0.57	[3579.438347, 1573.100374, 1241.519251, 932.338544, 624.650858, 619.94479, 468.883838, 246.531351, 245.478053, 75.740879, 73.602391, 15.378853]	sv_calc
Pd	100	CO	-1.05	[1832.373539, 481.555294, 467.482512, 425.061714, 73.09318, 68.233697]	sv_calc
Pd	100	CO2	-0.41	[1846.027301, 1179.574916, 546.070088, 534.269426, 168.712357, 136.301896, 66.113421, 51.400916, 36.766228]	sv_calc
Pt	100	COOH	-0.89	[3579.438347, 1573.100374, 1241.519251, 932.338544, 624.650858, 619.94479, 468.883838, 246.531351, 245.478053, 75.740879, 73.602391, 15.378853]	sv_calc
Pt	100	CO	-1.45	[1832.373539, 481.555294, 467.482512, 425.061714, 73.09318, 68.233697]	sv_calc
Pt	100	CO2	-0.4	[1846.027301, 1179.574916, 546.070088, 534.269426, 168.712357, 136.301896, 66.113421, 51.400916, 36.766228]	sv_calc
Fe	1_1	CO2	-1.01	[1846.027301, 1179.574916, 546.070088, 534.269426, 168.712357, 136.301896, 66.113421, 51.400916, 36.766228]	sv_calc
Fe	1_1	CO	-1.13	[1832.373539, 481.555294, 467.482512, 425.061714, 73.09318, 68.233697]	sv_calc
Fe	1_1	COOH	-0.92	[3579.438347, 1573.100374, 1241.519251, 932.338544, 624.650858, 619.94479, 468.883838, 246.531351, 245.478053, 75.740879, 73.602391, 15.378853]	sv_calc
Ni	1_1	CO2	-1.41	[1846.027301, 1179.574916, 546.070088, 534.269426, 168.712357, 136.301896, 66.113421, 51.400916, 36.766228]	sv_calc
Ni	1_1	CO	-1.05	[1832.373539, 481.555294, 467.482512, 425.061714, 73.09318, 68.233697]	sv_calc
Ni	1_1	COOH	-0.9	[3579.438347, 1573.100374, 1241.519251, 932.338544, 624.650858, 619.94479, 468.883838, 246.531351, 245.478053, 75.740879, 73.602391, 15.378853]	sv_calc
Ni	1_2	CO2	-1.26	[1846.027301, 1179.574916, 546.070088, 534.269426, 168.712357, 136.301896, 66.113421, 51.400916, 36.766228]	sv_calc
Ni	1_2	CO	-1.51	[1832.373539, 481.555294, 467.482512, 425.061714, 73.09318, 68.233697]	sv_calc
Ni	1_2	COOH	-1.37	[3579.438347, 1573.100374, 1241.519251, 932.338544, 624.650858, 619.94479, 468.883838, 246.531351, 245.478053, 75.740879, 73.602391, 15.378853]	sv_calc
Fe	1_3	CO2	-1.06	[1846.027301, 1179.574916, 546.070088, 534.269426, 168.712357, 136.301896, 66.113421, 51.400916, 36.766228]	sv_calc
Fe	1_3	CO	-1.79	[1832.373539, 481.555294, 467.482512, 425.061714, 73.09318, 68.233697]	sv_calc
Fe	1_3	COOH	-0.81	[3579.438347, 1573.100374, 1241.519251, 932.338544, 624.650858, 619.94479, 468.883838, 246.531351, 245.478053, 75.740879, 73.602391, 15.378853]	sv_calc
Ni	1_3	CO	-2.27	[1832.373539, 481.555294, 467.482512, 425.061714, 73.09318, 68.233697]	sv_calc
Ni	1_3	COOH	-1.61	[3579.438347, 1573.100374, 1241.519251, 932.338544, 624.650858, 619.94479, 468.883838, 246.531351, 245.478053, 75.740879, 73.602391, 15.378853]	sv_calc
Fe	2_1	CO2	0.26	[1846.027301, 1179.574916, 546.070088, 534.269426, 168.712357, 136.301896, 66.113421, 51.400916, 36.766228]	sv_calc
Fe	2_1	CO	-0.62	[1832.373539, 481.555294, 467.482512, 425.061714, 73.09318, 68.233697]	sv_calc
Fe	2_1	COOH	0.7	[3579.438347, 1573.100374, 1241.519251, 932.338544, 624.650858, 619.94479, 468.883838, 246.531351, 245.478053, 75.740879, 73.602391, 15.378853]	sv_calc
Ni	2_1	CO2	0.04	[1846.027301, 1179.574916, 546.070088, 534.269426, 168.712357, 136.301896, 66.113421, 51.400916, 36.766228]	sv_calc
Ni	2_1	CO	-0.47	[1832.373539, 481.555294, 467.482512, 425.061714, 73.09318, 68.233697]	sv_calc
Ni	2_1	COOH	0.27	[3579.438347, 1573.100374, 1241.519251, 932.338544, 624.650858, 619.94479, 468.883838, 246.531351, 245.478053, 75.740879, 73.602391, 15.378853]	sv_calc
Fe	2_2	CO2	0.33	[1846.027301, 1179.574916, 546.070088, 534.269426, 168.712357, 136.301896, 66.113421, 51.400916, 36.766228]	sv_calc
Fe	2_2	CO	-0.64	[1832.373539, 481.555294, 467.482512, 425.061714, 73.09318, 68.233697]	sv_calc
Fe	2_2	COOH	0.33	[3579.438347, 1573.100374, 1241.519251, 932.338544, 624.650858, 619.94479, 468.883838, 246.531351, 245.478053, 75.740879, 73.602391, 15.378853]	sv_calc
Ni	2_2	CO2	0.12	[1846.027301, 1179.574916, 546.070088, 534.269426, 168.712357, 136.301896, 66.113421, 51.400916, 36.766228]	sv_calc
Ni	2_2	CO	-0.2	[1832.373539, 481.555294, 467.482512, 425.061714, 73.09318, 68.233697]	sv_calc
Ni	2_2	COOH	-0.1	[3579.438347, 1573.100374, 1241.519251, 932.338544, 624.650858, 619.94479, 468.883838, 246.531351, 245.478053, 75.740879, 73.602391, 15.378853]	sv_calc
Fe	2_3	CO2	-0.01	[1846.027301, 1179.574916, 546.070088, 534.269426, 168.712357, 136.301896, 66.113421, 51.400916, 36.766228]	sv_calc
Fe	2_3	CO	-0.61	[1832.373539, 481.555294, 467.482512, 425.061714, 73.09318, 68.233697]	sv_calc
Fe	2_3	COOH	-0.22	[3579.438347, 1573.100374, 1241.519251, 932.338544, 624.650858, 619.94479, 468.883838, 246.531351, 245.478053, 75.740879, 73.602391, 15.378853]	sv_calc
Ni	2_3	CO2	0.09	[1846.027301, 1179.574916, 546.070088, 534.269426, 168.712357, 136.301896, 66.113421, 51.400916, 36.766228]	sv_calc
Ni	2_3	CO	0.29	[1832.373539, 481.555294, 467.482512, 425.061714, 73.09318, 68.233697]	sv_calc
Ni	2_3	COOH	1.42	[3579.438347, 1573.100374, 1241.519251, 932.338544, 624.650858, 619.94479, 468.883838, 246.531351, 245.478053, 75.740879, 73.602391, 15.378853]	sv_calc
Fe	2_4	CO2	0.17	[1846.027301, 1179.574916, 546.070088, 534.269426, 168.712357, 136.301896, 66.113421, 51.400916, 36.766228]	sv_calc
Fe	2_4	CO	-0.48	[1832.373539, 481.555294, 467.482512, 425.061714, 73.09318, 68.233697]	sv_calc
Fe	2_4	COOH	-0.14	[3579.438347, 1573.100374, 1241.519251, 932.338544, 624.650858, 619.94479, 468.883838, 246.531351, 245.478053, 75.740879, 73.602391, 15.378853]	sv_calc
Ni	2_4	CO2	0.33	[1846.027301, 1179.574916, 546.070088, 534.269426, 168.712357, 136.301896, 66.113421, 51.400916, 36.766228]	sv_calc
Ni	2_4	CO	0.51	[1832.373539, 481.555294, 467.482512, 425.061714, 73.09318, 68.233697]	sv_calc
Ni	2_4	COOH	0.68	[3579.438347, 1573.100374, 1241.519251, 932.338544, 624.650858, 619.94479, 468.883838, 246.531351, 245.478053, 75.740879, 73.602391, 15.378853]	sv_calc
