surface_name	site_name	species_name	formation_energy	frequencies	reference
None	gas	CO2	0.0	[2337.1, 1303.43, 626.2, 626.2, 8.98, 8.98]	sv_calc
None	gas	CO	0.228	[2102.17, 30.57, 30.53]	sv_calc
None	gas	H2	0.0	[4357.74, 101.87, 101.851]	sv_calc
None	gas	H2O	0.0	[3823.99, 3715.4, 1599.34, 84.9, 76.593, 10]	sv_calc
Ag	211	COOH	0.0	[3579.438347, 1573.100374, 1241.519251, 932.338544, 624.650858, 619.94479, 468.883838, 246.531351, 245.478053, 75.740879, 73.602391, 15.378853]	sv_calc
Ag	211	CO	0.08	[1832.373539, 481.555294, 467.482512, 425.061714, 73.09318, 68.233697]	sv_calc
Ag	211	CO2	0.49	[1846.027301, 1179.574916, 546.070088, 534.269426, 168.712357, 136.301896, 66.113421, 51.400916, 36.766228]	sv_calc
Au	211	COOH	-0.27	[3579.438347, 1573.100374, 1241.519251, 932.338544, 624.650858, 619.94479, 468.883838, 246.531351, 245.478053, 75.740879, 73.602391, 15.378853]	sv_calc
Au	211	CO	-0.13	[1832.373539, 481.555294, 467.482512, 425.061714, 73.09318, 68.233697]	sv_calc
Au	211	CO2	0.16	[1846.027301, 1179.574916, 546.070088, 534.269426, 168.712357, 136.301896, 66.113421, 51.400916, 36.766228]	sv_calc
Cu	211	COOH	-0.28	[3579.438347, 1573.100374, 1241.519251, 932.338544, 624.650858, 619.94479, 468.883838, 246.531351, 245.478053, 75.740879, 73.602391, 15.378853]	sv_calc
Cu	211	CO	-0.5	[1832.373539, 481.555294, 467.482512, 425.061714, 73.09318, 68.233697]	sv_calc
Cu	211	CO2	0.33	[1846.027301, 1179.574916, 546.070088, 534.269426, 168.712357, 136.301896, 66.113421, 51.400916, 36.766228]	sv_calc
Pd	211	COOH	-0.75	[3579.438347, 1573.100374, 1241.519251, 932.338544, 624.650858, 619.94479, 468.883838, 246.531351, 245.478053, 75.740879, 73.602391, 15.378853]	sv_calc
Pd	211	CO	-1.23	[1832.373539, 481.555294, 467.482512, 425.061714, 73.09318, 68.233697]	sv_calc
Pd	211	CO2	-0.44	[1846.027301, 1179.574916, 546.070088, 534.269426, 168.712357, 136.301896, 66.113421, 51.400916, 36.766228]	sv_calc
Pt	211	COOH	-1.11	[3579.438347, 1573.100374, 1241.519251, 932.338544, 624.650858, 619.94479, 468.883838, 246.531351, 245.478053, 75.740879, 73.602391, 15.378853]	sv_calc
Pt	211	CO	-1.63	[1832.373539, 481.555294, 467.482512, 425.061714, 73.09318, 68.233697]	sv_calc
Pt	211	CO2	-0.42	[1846.027301, 1179.574916, 546.070088, 534.269426, 168.712357, 136.301896, 66.113421, 51.400916, 36.766228]	sv_calc
Ag	100	COOH	0.23	[3579.438347, 1573.100374, 1241.519251, 932.338544, 624.650858, 619.94479, 468.883838, 246.531351, 245.478053, 75.740879, 73.602391, 15.378853]	sv_calc
Ag	100	CO	0.17	[1832.373539, 481.555294, 467.482512, 425.061714, 73.09318, 68.233697]	sv_calc
Ag	100	CO2	0.32	[1846.027301, 1179.574916, 546.070088, 534.269426, 168.712357, 136.301896, 66.113421, 51.400916, 36.766228]	sv_calc
Au	100	COOH	0.0	[3579.438347, 1573.100374, 1241.519251, 932.338544, 624.650858, 619.94479, 468.883838, 246.531351, 245.478053, 75.740879, 73.602391, 15.378853]	sv_calc
Au	100	CO	0.03	[1832.373539, 481.555294, 467.482512, 425.061714, 73.09318, 68.233697]	sv_calc
Au	100	CO2	0.11	[1846.027301, 1179.574916, 546.070088, 534.269426, 168.712357, 136.301896, 66.113421, 51.400916, 36.766228]	sv_calc
Cu	100	COOH	-0.04	[3579.438347, 1573.100374, 1241.519251, 932.338544, 624.650858, 619.94479, 468.883838, 246.531351, 245.478053, 75.740879, 73.602391, 15.378853]	sv_calc
Cu	100	CO	-0.45	[1832.373539, 481.555294, 467.482512, 425.061714, 73.09318, 68.233697]	sv_calc
Cu	100	CO2	0.27	[1846.027301, 1179.574916, 546.070088, 534.269426, 168.712357, 136.301896, 66.113421, 51.400916, 36.766228]	sv_calc
Pd	100	COOH	-0.56	[3579.438347, 1573.100374, 1241.519251, 932.338544, 624.650858, 619.94479, 468.883838, 246.531351, 245.478053, 75.740879, 73.602391, 15.378853]	sv_calc
Pd	100	CO	-1.05	[1832.373539, 481.555294, 467.482512, 425.061714, 73.09318, 68.233697]	sv_calc
Pd	100	CO2	-0.34	[1846.027301, 1179.574916, 546.070088, 534.269426, 168.712357, 136.301896, 66.113421, 51.400916, 36.766228]	sv_calc
Pt	100	COOH	-0.89	[3579.438347, 1573.100374, 1241.519251, 932.338544, 624.650858, 619.94479, 468.883838, 246.531351, 245.478053, 75.740879, 73.602391, 15.378853]	sv_calc
Pt	100	CO	-1.46	[1832.373539, 481.555294, 467.482512, 425.061714, 73.09318, 68.233697]	sv_calc
Pt	100	CO2	-0.32	[1846.027301, 1179.574916, 546.070088, 534.269426, 168.712357, 136.301896, 66.113421, 51.400916, 36.766228]	sv_calc
Fe	1_1	CO2	-0.7	[1846.027301, 1179.574916, 546.070088, 534.269426, 168.712357, 136.301896, 66.113421, 51.400916, 36.766228]	sv_calc
Fe	1_1	CO	-0.96	[1832.373539, 481.555294, 467.482512, 425.061714, 73.09318, 68.233697]	sv_calc
Fe	1_1	COOH	-0.71	[3579.438347, 1573.100374, 1241.519251, 932.338544, 624.650858, 619.94479, 468.883838, 246.531351, 245.478053, 75.740879, 73.602391, 15.378853]	sv_calc
Ni	1_1	CO2	-1.25	[1846.027301, 1179.574916, 546.070088, 534.269426, 168.712357, 136.301896, 66.113421, 51.400916, 36.766228]	sv_calc
Ni	1_1	CO	-0.9	[1832.373539, 481.555294, 467.482512, 425.061714, 73.09318, 68.233697]	sv_calc
Ni	1_1	COOH	-0.76	[3579.438347, 1573.100374, 1241.519251, 932.338544, 624.650858, 619.94479, 468.883838, 246.531351, 245.478053, 75.740879, 73.602391, 15.378853]	sv_calc
Ni	1_2	CO2	-0.97	[1846.027301, 1179.574916, 546.070088, 534.269426, 168.712357, 136.301896, 66.113421, 51.400916, 36.766228]	sv_calc
Ni	1_2	CO	-1.31	[1832.373539, 481.555294, 467.482512, 425.061714, 73.09318, 68.233697]	sv_calc
Ni	1_2	COOH	-1.2	[3579.438347, 1573.100374, 1241.519251, 932.338544, 624.650858, 619.94479, 468.883838, 246.531351, 245.478053, 75.740879, 73.602391, 15.378853]	sv_calc
Fe	1_3	CO2	-0.74	[1846.027301, 1179.574916, 546.070088, 534.269426, 168.712357, 136.301896, 66.113421, 51.400916, 36.766228]	sv_calc
Fe	1_3	CO	-1.7	[1832.373539, 481.555294, 467.482512, 425.061714, 73.09318, 68.233697]	sv_calc
Fe	1_3	COOH	-0.66	[3579.438347, 1573.100374, 1241.519251, 932.338544, 624.650858, 619.94479, 468.883838, 246.531351, 245.478053, 75.740879, 73.602391, 15.378853]	sv_calc
Ni	1_3	CO	-2.06	[1832.373539, 481.555294, 467.482512, 425.061714, 73.09318, 68.233697]	sv_calc
Ni	1_3	COOH	-1.44	[3579.438347, 1573.100374, 1241.519251, 932.338544, 624.650858, 619.94479, 468.883838, 246.531351, 245.478053, 75.740879, 73.602391, 15.378853]	sv_calc
Fe	2_1	CO2	0.48	[1846.027301, 1179.574916, 546.070088, 534.269426, 168.712357, 136.301896, 66.113421, 51.400916, 36.766228]	sv_calc
Fe	2_1	CO	-0.5	[1832.373539, 481.555294, 467.482512, 425.061714, 73.09318, 68.233697]	sv_calc
Fe	2_1	COOH	0.93	[3579.438347, 1573.100374, 1241.519251, 932.338544, 624.650858, 619.94479, 468.883838, 246.531351, 245.478053, 75.740879, 73.602391, 15.378853]	sv_calc
Ni	2_1	CO2	0.16	[1846.027301, 1179.574916, 546.070088, 534.269426, 168.712357, 136.301896, 66.113421, 51.400916, 36.766228]	sv_calc
Ni	2_1	CO	-0.48	[1832.373539, 481.555294, 467.482512, 425.061714, 73.09318, 68.233697]	sv_calc
Ni	2_1	COOH	0.41	[3579.438347, 1573.100374, 1241.519251, 932.338544, 624.650858, 619.94479, 468.883838, 246.531351, 245.478053, 75.740879, 73.602391, 15.378853]	sv_calc
Fe	2_2	CO2	0.56	[1846.027301, 1179.574916, 546.070088, 534.269426, 168.712357, 136.301896, 66.113421, 51.400916, 36.766228]	sv_calc
Fe	2_2	CO	-0.56	[1832.373539, 481.555294, 467.482512, 425.061714, 73.09318, 68.233697]	sv_calc
Fe	2_2	COOH	0.52	[3579.438347, 1573.100374, 1241.519251, 932.338544, 624.650858, 619.94479, 468.883838, 246.531351, 245.478053, 75.740879, 73.602391, 15.378853]	sv_calc
Ni	2_2	CO2	0.26	[1846.027301, 1179.574916, 546.070088, 534.269426, 168.712357, 136.301896, 66.113421, 51.400916, 36.766228]	sv_calc
Ni	2_2	CO	-0.3	[1832.373539, 481.555294, 467.482512, 425.061714, 73.09318, 68.233697]	sv_calc
Ni	2_2	COOH	-0.09	[3579.438347, 1573.100374, 1241.519251, 932.338544, 624.650858, 619.94479, 468.883838, 246.531351, 245.478053, 75.740879, 73.602391, 15.378853]	sv_calc
Fe	2_3	CO2	0.21	[1846.027301, 1179.574916, 546.070088, 534.269426, 168.712357, 136.301896, 66.113421, 51.400916, 36.766228]	sv_calc
Fe	2_3	CO	-0.54	[1832.373539, 481.555294, 467.482512, 425.061714, 73.09318, 68.233697]	sv_calc
Fe	2_3	COOH	-0.13	[3579.438347, 1573.100374, 1241.519251, 932.338544, 624.650858, 619.94479, 468.883838, 246.531351, 245.478053, 75.740879, 73.602391, 15.378853]	sv_calc
Ni	2_3	CO2	0.21	[1846.027301, 1179.574916, 546.070088, 534.269426, 168.712357, 136.301896, 66.113421, 51.400916, 36.766228]	sv_calc
Ni	2_3	CO	0.32	[1832.373539, 481.555294, 467.482512, 425.061714, 73.09318, 68.233697]	sv_calc
Ni	2_3	COOH	1.75	[3579.438347, 1573.100374, 1241.519251, 932.338544, 624.650858, 619.94479, 468.883838, 246.531351, 245.478053, 75.740879, 73.602391, 15.378853]	sv_calc
Fe	2_4	CO2	0.42	[1846.027301, 1179.574916, 546.070088, 534.269426, 168.712357, 136.301896, 66.113421, 51.400916, 36.766228]	sv_calc
Fe	2_4	CO	-0.4	[1832.373539, 481.555294, 467.482512, 425.061714, 73.09318, 68.233697]	sv_calc
Fe	2_4	COOH	0.02	[3579.438347, 1573.100374, 1241.519251, 932.338544, 624.650858, 619.94479, 468.883838, 246.531351, 245.478053, 75.740879, 73.602391, 15.378853]	sv_calc
Ni	2_4	CO2	0.51	[1846.027301, 1179.574916, 546.070088, 534.269426, 168.712357, 136.301896, 66.113421, 51.400916, 36.766228]	sv_calc
Ni	2_4	CO	0.62	[1832.373539, 481.555294, 467.482512, 425.061714, 73.09318, 68.233697]	sv_calc
Ni	2_4	COOH	0.84	[3579.438347, 1573.100374, 1241.519251, 932.338544, 624.650858, 619.94479, 468.883838, 246.531351, 245.478053, 75.740879, 73.602391, 15.378853]	sv_calc
