surface_name	site_name	species_name	formation_energy	frequencies	reference
None	gas	CO2	0.0	[8.210836, 8.986016, 626.201759, 626.207647, 1303.431414, 2337.103721]	sv_calc
None	gas	CO	0.228	[30.574661, 30.574661, 2102.17]	sv_calc
None	gas	H2	0.0	[101.851377, 101.851377, 4357.748816]	sv_calc
None	gas	H2O	0.0	[10, 76.593339, 84.905187, 1599.342801, 3715.405649, 3823.9909]	sv_calc
Ag	211	COOH	-0.16	[3579.438347, 1573.100374, 1241.519251, 932.338544, 624.650858, 619.94479, 468.883838, 246.531351, 245.478053, 75.740879, 73.602391, 15.378853]	sv_calc
Ag	211	CO	0.07	[1832.373539, 481.555294, 467.482512, 425.061714, 73.09318, 68.233697]	sv_calc
Ag	211	CO2	0.11	[1846.027301, 1179.574916, 546.070088, 534.269426, 168.712357, 136.301896, 66.113421, 51.400916, 36.766228]	sv_calc
Au	211	COOH	-0.35	[3579.438347, 1573.100374, 1241.519251, 932.338544, 624.650858, 619.94479, 468.883838, 246.531351, 245.478053, 75.740879, 73.602391, 15.378853]	sv_calc
Au	211	CO	-0.08	[1832.373539, 481.555294, 467.482512, 425.061714, 73.09318, 68.233697]	sv_calc
Au	211	CO2	-0.16	[1846.027301, 1179.574916, 546.070088, 534.269426, 168.712357, 136.301896, 66.113421, 51.400916, 36.766228]	sv_calc
Cu	211	COOH	-0.44	[3579.438347, 1573.100374, 1241.519251, 932.338544, 624.650858, 619.94479, 468.883838, 246.531351, 245.478053, 75.740879, 73.602391, 15.378853]	sv_calc
Cu	211	CO	-0.51	[1832.373539, 481.555294, 467.482512, 425.061714, 73.09318, 68.233697]	sv_calc
Cu	211	CO2	-0.07	[1846.027301, 1179.574916, 546.070088, 534.269426, 168.712357, 136.301896, 66.113421, 51.400916, 36.766228]	sv_calc
Pd	211	COOH	-0.87	[3579.438347, 1573.100374, 1241.519251, 932.338544, 624.650858, 619.94479, 468.883838, 246.531351, 245.478053, 75.740879, 73.602391, 15.378853]	sv_calc
Pd	211	CO	-1.28	[1832.373539, 481.555294, 467.482512, 425.061714, 73.09318, 68.233697]	sv_calc
Pd	211	CO2	-0.72	[1846.027301, 1179.574916, 546.070088, 534.269426, 168.712357, 136.301896, 66.113421, 51.400916, 36.766228]	sv_calc
Pt	211	COOH	-1.18	[3579.438347, 1573.100374, 1241.519251, 932.338544, 624.650858, 619.94479, 468.883838, 246.531351, 245.478053, 75.740879, 73.602391, 15.378853]	sv_calc
Pt	211	CO	-1.62	[1832.373539, 481.555294, 467.482512, 425.061714, 73.09318, 68.233697]	sv_calc
Pt	211	CO2	-0.73	[1846.027301, 1179.574916, 546.070088, 534.269426, 168.712357, 136.301896, 66.113421, 51.400916, 36.766228]	sv_calc
Ag	100	COOH	0.07	[3579.438347, 1573.100374, 1241.519251, 932.338544, 624.650858, 619.94479, 468.883838, 246.531351, 245.478053, 75.740879, 73.602391, 15.378853]	sv_calc
Ag	100	CO	0.19	[1832.373539, 481.555294, 467.482512, 425.061714, 73.09318, 68.233697]	sv_calc
Ag	100	CO2	0.04	[1846.027301, 1179.574916, 546.070088, 534.269426, 168.712357, 136.301896, 66.113421, 51.400916, 36.766228]	sv_calc
Au	100	COOH	-0.04	[3579.438347, 1573.100374, 1241.519251, 932.338544, 624.650858, 619.94479, 468.883838, 246.531351, 245.478053, 75.740879, 73.602391, 15.378853]	sv_calc
Au	100	CO	0.07	[1832.373539, 481.555294, 467.482512, 425.061714, 73.09318, 68.233697]	sv_calc
Au	100	CO2	-0.15	[1846.027301, 1179.574916, 546.070088, 534.269426, 168.712357, 136.301896, 66.113421, 51.400916, 36.766228]	sv_calc
Cu	100	COOH	-0.18	[3579.438347, 1573.100374, 1241.519251, 932.338544, 624.650858, 619.94479, 468.883838, 246.531351, 245.478053, 75.740879, 73.602391, 15.378853]	sv_calc
Cu	100	CO	-0.43	[1832.373539, 481.555294, 467.482512, 425.061714, 73.09318, 68.233697]	sv_calc
Cu	100	CO2	-0.03	[1846.027301, 1179.574916, 546.070088, 534.269426, 168.712357, 136.301896, 66.113421, 51.400916, 36.766228]	sv_calc
Pd	100	COOH	-0.6	[3579.438347, 1573.100374, 1241.519251, 932.338544, 624.650858, 619.94479, 468.883838, 246.531351, 245.478053, 75.740879, 73.602391, 15.378853]	sv_calc
Pd	100	CO	-1.06	[1832.373539, 481.555294, 467.482512, 425.061714, 73.09318, 68.233697]	sv_calc
Pd	100	CO2	-0.61	[1846.027301, 1179.574916, 546.070088, 534.269426, 168.712357, 136.301896, 66.113421, 51.400916, 36.766228]	sv_calc
Pt	100	COOH	-0.89	[3579.438347, 1573.100374, 1241.519251, 932.338544, 624.650858, 619.94479, 468.883838, 246.531351, 245.478053, 75.740879, 73.602391, 15.378853]	sv_calc
Pt	100	CO	-1.42	[1832.373539, 481.555294, 467.482512, 425.061714, 73.09318, 68.233697]	sv_calc
Pt	100	CO2	-0.62	[1846.027301, 1179.574916, 546.070088, 534.269426, 168.712357, 136.301896, 66.113421, 51.400916, 36.766228]	sv_calc
Fe	1_1	CO2	-1.92	[1846.027301, 1179.574916, 546.070088, 534.269426, 168.712357, 136.301896, 66.113421, 51.400916, 36.766228]	sv_calc
Fe	1_1	CO	-1.62	[1832.373539, 481.555294, 467.482512, 425.061714, 73.09318, 68.233697]	sv_calc
Fe	1_1	COOH	-1.54	[3579.438347, 1573.100374, 1241.519251, 932.338544, 624.650858, 619.94479, 468.883838, 246.531351, 245.478053, 75.740879, 73.602391, 15.378853]	sv_calc
Ni	1_1	CO2	-1.89	[1846.027301, 1179.574916, 546.070088, 534.269426, 168.712357, 136.301896, 66.113421, 51.400916, 36.766228]	sv_calc
Ni	1_1	CO	-1.5	[1832.373539, 481.555294, 467.482512, 425.061714, 73.09318, 68.233697]	sv_calc
Ni	1_1	COOH	-1.33	[3579.438347, 1573.100374, 1241.519251, 932.338544, 624.650858, 619.94479, 468.883838, 246.531351, 245.478053, 75.740879, 73.602391, 15.378853]	sv_calc
Ni	1_2	CO2	-2.12	[1846.027301, 1179.574916, 546.070088, 534.269426, 168.712357, 136.301896, 66.113421, 51.400916, 36.766228]	sv_calc
Ni	1_2	CO	-2.1	[1832.373539, 481.555294, 467.482512, 425.061714, 73.09318, 68.233697]	sv_calc
Ni	1_2	COOH	-1.89	[3579.438347, 1573.100374, 1241.519251, 932.338544, 624.650858, 619.94479, 468.883838, 246.531351, 245.478053, 75.740879, 73.602391, 15.378853]	sv_calc
Fe	1_3	CO2	-2.02	[1846.027301, 1179.574916, 546.070088, 534.269426, 168.712357, 136.301896, 66.113421, 51.400916, 36.766228]	sv_calc
Fe	1_3	CO	-2.06	[1832.373539, 481.555294, 467.482512, 425.061714, 73.09318, 68.233697]	sv_calc
Fe	1_3	COOH	-1.28	[3579.438347, 1573.100374, 1241.519251, 932.338544, 624.650858, 619.94479, 468.883838, 246.531351, 245.478053, 75.740879, 73.602391, 15.378853]	sv_calc
Ni	1_3	CO	-2.87	[1832.373539, 481.555294, 467.482512, 425.061714, 73.09318, 68.233697]	sv_calc
Ni	1_3	COOH	-2.11	[3579.438347, 1573.100374, 1241.519251, 932.338544, 624.650858, 619.94479, 468.883838, 246.531351, 245.478053, 75.740879, 73.602391, 15.378853]	sv_calc
Fe	2_1	CO2	-0.4	[1846.027301, 1179.574916, 546.070088, 534.269426, 168.712357, 136.301896, 66.113421, 51.400916, 36.766228]	sv_calc
Fe	2_1	CO	-0.95	[1832.373539, 481.555294, 467.482512, 425.061714, 73.09318, 68.233697]	sv_calc
Fe	2_1	COOH	0.03	[3579.438347, 1573.100374, 1241.519251, 932.338544, 624.650858, 619.94479, 468.883838, 246.531351, 245.478053, 75.740879, 73.602391, 15.378853]	sv_calc
Ni	2_1	CO2	-0.33	[1846.027301, 1179.574916, 546.070088, 534.269426, 168.712357, 136.301896, 66.113421, 51.400916, 36.766228]	sv_calc
Ni	2_1	CO	-0.44	[1832.373539, 481.555294, 467.482512, 425.061714, 73.09318, 68.233697]	sv_calc
Ni	2_1	COOH	-0.15	[3579.438347, 1573.100374, 1241.519251, 932.338544, 624.650858, 619.94479, 468.883838, 246.531351, 245.478053, 75.740879, 73.602391, 15.378853]	sv_calc
Fe	2_2	CO2	-0.34	[1846.027301, 1179.574916, 546.070088, 534.269426, 168.712357, 136.301896, 66.113421, 51.400916, 36.766228]	sv_calc
Fe	2_2	CO	-0.89	[1832.373539, 481.555294, 467.482512, 425.061714, 73.09318, 68.233697]	sv_calc
Fe	2_2	COOH	-0.27	[3579.438347, 1573.100374, 1241.519251, 932.338544, 624.650858, 619.94479, 468.883838, 246.531351, 245.478053, 75.740879, 73.602391, 15.378853]	sv_calc
Ni	2_2	CO2	-0.29	[1846.027301, 1179.574916, 546.070088, 534.269426, 168.712357, 136.301896, 66.113421, 51.400916, 36.766228]	sv_calc
Ni	2_2	CO	0.1	[1832.373539, 481.555294, 467.482512, 425.061714, 73.09318, 68.233697]	sv_calc
Ni	2_2	COOH	-0.12	[3579.438347, 1573.100374, 1241.519251, 932.338544, 624.650858, 619.94479, 468.883838, 246.531351, 245.478053, 75.740879, 73.602391, 15.378853]	sv_calc
Fe	2_3	CO2	-0.67	[1846.027301, 1179.574916, 546.070088, 534.269426, 168.712357, 136.301896, 66.113421, 51.400916, 36.766228]	sv_calc
Fe	2_3	CO	-0.82	[1832.373539, 481.555294, 467.482512, 425.061714, 73.09318, 68.233697]	sv_calc
Fe	2_3	COOH	-0.47	[3579.438347, 1573.100374, 1241.519251, 932.338544, 624.650858, 619.94479, 468.883838, 246.531351, 245.478053, 75.740879, 73.602391, 15.378853]	sv_calc
Ni	2_3	CO2	-0.27	[1846.027301, 1179.574916, 546.070088, 534.269426, 168.712357, 136.301896, 66.113421, 51.400916, 36.766228]	sv_calc
Ni	2_3	CO	0.18	[1832.373539, 481.555294, 467.482512, 425.061714, 73.09318, 68.233697]	sv_calc
Ni	2_3	COOH	0.44	[3579.438347, 1573.100374, 1241.519251, 932.338544, 624.650858, 619.94479, 468.883838, 246.531351, 245.478053, 75.740879, 73.602391, 15.378853]	sv_calc
Fe	2_4	CO2	-0.6	[1846.027301, 1179.574916, 546.070088, 534.269426, 168.712357, 136.301896, 66.113421, 51.400916, 36.766228]	sv_calc
Fe	2_4	CO	-0.71	[1832.373539, 481.555294, 467.482512, 425.061714, 73.09318, 68.233697]	sv_calc
Fe	2_4	COOH	-0.63	[3579.438347, 1573.100374, 1241.519251, 932.338544, 624.650858, 619.94479, 468.883838, 246.531351, 245.478053, 75.740879, 73.602391, 15.378853]	sv_calc
Ni	2_4	CO2	-0.22	[1846.027301, 1179.574916, 546.070088, 534.269426, 168.712357, 136.301896, 66.113421, 51.400916, 36.766228]	sv_calc
Ni	2_4	CO	0.17	[1832.373539, 481.555294, 467.482512, 425.061714, 73.09318, 68.233697]	sv_calc
Ni	2_4	COOH	0.2	[3579.438347, 1573.100374, 1241.519251, 932.338544, 624.650858, 619.94479, 468.883838, 246.531351, 245.478053, 75.740879, 73.602391, 15.378853]	sv_calc
